24565047
73901816
108776219
108901026
110559126
108667540
108716446
118915548
98416740
62741218
26279853
110616904
148192403
112114382
17563445
20489098
98304038
107853306
90656686
63036701
15094471
103678836
46395875
110202651
110046892
118440563
81235311
110212622
103872774
40970683
175292927
17429238
89015005
97999524
18835529
71639073
83143560
104878991
174759250
40254259
17964225
19609871
121338004
113064720
19424599
14720411
119287522
114941542
87290751
17491102
17341903
113280566
114767941
49045080
38830686
38262728
43835655
145586008
115901583
11333532
104778635
29501443
15503237
46847622
175304316
169398890
106153160
106089230
70962061
23703690
14865439
167076749
54027595
16049891
106276978
96037294
44916180
25873356
106283752
25803189
105700367
169365105
42348571
71367700
48314383
103655153
96929089
109466123
109800136
109977963
98422951
110009052
33789704
110649484
110662648
108427629
108965929
110712488
110088998
108713461
17580892
38370135
162645312
25615193
15807969
169145143
117091011
104285847
58509348
31273438
33533529
107206728
122370800
86335203
20248215
174662916
40061998
28354775
110217626
55515888
159970540
110902614
15619609
131085532
118865170
131107420
118546717
53777682
113052316
35267830
16674441
94426841
166230041
108317003
101546935
147310625
174664628
111951799
14528870
103881080
104620868
108716789
112151016
115710256
111627952
108998795
108788543
133499377
108490178
135507112
21356017
135545941
118186754
148082636
163420345
114049292
111893445
27913740
125356506
115770546
145233267
138890926
110610186
47716333
141091307
169007776
170847815
97984354
125448908
57385452
31163416
54624571
86254675
87230508
21430495
47191725
176359395
56316142
153713779
103205107
102574767
105606545
176314943
176336498
127984628
15366286
102770069
102321474
102052030
172993229
109661628
109005867
15992301
17752368
18043677
14525619
16814727
159497011
22082967
61444125
29999430
15978244
49449609
83907758
126081100
10816122
17297292
149736247
16580890
20902970
118177289
172592629
18436296
3110991
25891168
90466960
17034653
64453715
43236719
1020961
112961966
49670583
113324706
19774114
25011168
137322885
50046493
30430298
120467872
120745073
158972387
71331972
65731445
17591742
97701650
24581908
15798619
112505204
171479535
22911537
91577027
175389385
120886979
9802712
62309394
46759057
45971301
18368680
18180357
174458604
55580700
75028568
31557335
46995345
21683779
18976002
34242052
17364159
63304216
39990485
38238765
84841947
75303553
101447991
37877645
14962223
16354755
20691360
76459780
56476803
45116401
53535872
146640795
17505445
19414742
90002234
112969892
78663561
171787624
7879052
90961345
11973952
65387948
24203435
74540246
54064198
56034666
59245588
150984186
18174051
39313651
24938459
174755298
23342205
45440992
69824961
27740815
15112316
54614077
135348838
85218351
167884171
53952160
33454188
23249204
23276238
57117519
173833304
44672556
25491038
58457929
16862415
54808525
36371994
16916996
44862952
25737016
68828065
15850295
60742595
47590163
70617719
107117656
28031609
78611775
36297832
153657929
150567455
94191559
80717408
14284888
12863122
14304836
69485403
116879740
17083396
138088487
21945497
104877972
43257038
15086936
60614536
56020726
46487017
17788508
138560793
43094731
83488180
16378599
21561302
19773994
22620895
37241618
171447861
122394643
83743441
41490764
87872513
15496763
170534921
48218090
22984215
173477914
164841803
6972492
28838748
166308662
19380202
82722839
38249196
16278007
171377841
174537380
79095785
143394008
14609771
160413458
54994387
27965868
174176182
6237352
24024738
130152940
18472960
52092606
148292320
115912706
72345621
26906086
14254512
109276539
15612826
124307138
27309504
55582343
48827908
87495479
44217028
90453089
135556405
22499219
11838422
131895903
40861625
148055398
56235695
58380604
22157635
86498552
111388917
83716559
131334931
18365496
149225058
14513049
17490866
6804222
23509040
26831272
30766690
168036516
89954773
155703364
31467792
64627156
145047704
28133639
15506146
71422845
25503051
53166505
124454357
67356615
17331872
162919060
15209998
148355924
168486114
39948020
41640104
19194198
36088375
45602720
93742658
17904416
173223604
16336624
81906304
111463665
21908995
47419860
15456320
23072774
124336068
95962516
23423779
21200819
44621834
166480583
17644852
46707759
69234404
114518329
28372717
25464634
153372084
43444097
93817112
14236626
27348997
58800931
18189723
15729760
41103441
17155901
19326284
166467253
79511782
130355607
17881773
172555446
144994226
63585029
38074970
86626331
41101290
69116070
90695631
28309354
50303249
160495522
24916455
120960449
17146583
6645552
116951533
83272503
87713219
18141855
5432922
68001102
68889946
50285914
18172753
43125685
169754003
161588316
52254683
152850954
31143839
109398662
14586588
25197341
124768869
173504124
16596455
119896430
113708834
168669429
74400361
14288281
54558162
155965727
62204694
169902174
17459328
68260575
62035481
17650953
15942379
11279172
108077153
16948868
93735121
109694841
15773186
76885699
91417015
42640655
165148398
25838635
69411257
111186088
43107230
55918317
67093694
15492791
44303038
67631863
129406192
153839600
133008375
104537701
108913857
164562329
22869990
28911707
115410158
113080591
57600243
39580569
84502449
15989069
41096529
129195120
106371972
17122038
71830829
34054893
140391742
49313161
50677180
116359310
96320197
52194642
45627765
25689892
15531932
30826626
60295046
34708835
89521615
55849690
16530188
167533151
18642314
35932519
15349653
66905890
10342142
145818030
167979424
23968568
113707262
17426478
109513328
117327701
85436197
70923197
21396592
37895055
49187304
128254845
18090287
15787053
146183941
74899146
38069689
94707880
18420252
35524334
23356144
96972239
112931596
53303251
153107705
63646063
108831161
76652640
43537363
58165424
168200277
27812512
125409895
17505677
107664108
42328761
22768679
23175882
144410562
56500641
172611183
50322412
99189518
34650465
154315306
30099056
29602474
110714837
155276675
21170191
102430946
15301655
17846734
13385612
130727945
16782473
23992868
16528735
51772427
15785068
19790040
26415860
127997193
14079852
19783165
95757665
39275412
104498818
19149629
110492799
15985819
117495755
88351280
18581294
105057283
94946281
67666210
9574902
153106356
70771233
16746457
50437570
157540490
17094485
18898143
106133229
18734358
75570212
25767670
8787602
55551431
21305023
35412498
94577169
38108522
102416660
24974911
72363240
68184268
14326003
14874694
19418203
15811031
16684007
15973300
172690338
17819472
35567608
115229267
84707929
30837762
82260453
22726951
54160734
88258912
61503323
152999711
20126364
67972222
35730865
91632609
38045603
17600683
107526074
43909030
82147392
69666058
20943740
157784329
141866286
114189657
44162647
169701466
74858412
104878249
6502272
41409941
18646074
37751738
69498139
17329442
25241799
95288692
41313586
93868270
103895184
16720991
155079848
41446355
66474625
86257341
162146576
127716656
51313
23183427
30812377
142291041
26134913
36359280
42188529
170214265
93851734
105391293
19102281
9528912
15790717
16008703
15225133
142551519
20959144
137812828
111486644
97060074
77042233
44711678
15276401
17578429
27384701
160851495
156503205
18602625
53264656
23041739
26175939
82648002
168727900
18407655
16150075
70449655
35767778
41404841
19254727
119240184
115802292
24935708
22889215
17853556
115601412
78300991
6333502
13527262
62414708
165671770
29542229
169365092
14110015
9836582
32148854
14367725
161013717
140675432
104075395
61388791
18117266
66827459
39167379
64842218
17116107
816950
76071293
111381158
23084168
25770354
164418660
100083338
24046167
66483013
15148531
115459470
23465130
17457788
105202160
7189662
36895545
163557284
92099547
61206610
14647452
39677363
21122935
4545841
15406238
44775322
21875661
18680442
82589847
41679216
12441712
59079539
95443632
16181186
122996729
17414526
60252433
76455251
66259722
109596525
73038944
29571838
109660399
128640037
75400697
17946923
61031630
23357085
143223309
15770077
16299293
20578636
71673296
44792132
17512062
149648339
90712573
14229922
81619592
112451474
106212092
95890709
106853583
143320499
152307289
16246065
24594286
158097423
77138413
29633370
25403611
157533765
18530670
22854356
44454268
171085215
26420456
17057472
72376920
19952863
18247294
97270767
10504972
21318061
29474188
39980220
72601194
106462632
42780529
106004497
142947472
18231900
16203062
86431522
65480119
27647532
33397942
49797126
24353445
96251255
59771464
25746673
46431552
29039003
16114251
27367835
30250458
114968533
21581621
25914436
68262226
47714847
21507383
17731836
39370858
14234198
131618770
108175918
14861663
41119589
23442499
7896552
102781133
72539363
16503398
61192185
163489414
17042671
29217668
71690954
105026940
19468281
17788646
167006197
72242507
150429159
49081637
52756093
14303896
110504591
132954985
14835849
166311235
19646364
77274825
14227897
17709401
116908760
90420993
19061355
50534957
818466
134302354
61798269
17878667
154381589
29723764
17407710
16381882
81194994
132846779
23179011
82947005
45402934
17756330
43624561
109672378
128252147
33809500
124995470
14496987
112207231
142275063
119433053
16053846
5485192
169438508
14473923
11478662
7680772
20511649
18464181
138641533
139871070
22781987
66072907
164275293
131014080
80993745
115753716
18055691
69986120
58038880
96940759
159247800
65678795
19735514
20005927
15989087
43422685
14465607
9735142
32555663
81151097
95880812
111817303
50525671
86395215
25085425
122218777
103137207
104778564
22702809
25593014
91674148
20838968
75389679
45392170
40246433
163516179
107336320
62554155
43034781
43908092
152069276
40567079
17808527
27290606
86978801
130809191
73986605
97150159
37832796
14960931
5435942
143991522
51200060
21883088
118243053
117941522
89260871
54010409
16925486
65301214
16911502
22143466
112643290
18856360
98100305
20660853
20660683
133618392
85074680
160875947
170183207
99227256
19975955
20292834
19771162
68473382
17695131
13456702
61349667
57245330
16187942
148761935
14746663
104284641
20105935
123504650
14278907
27267931
18640474
104308754
25712114
20898418
130809907
81874093
1186911
37633739
30138539
52446167
14784428
13443342
77934014
28767719
85144671
47914845
78735147
21836409
154364937
17010913
64778294
21347826
53693417
44774487
21435574
149255622
165318750
42764061
126103083
166084365
51591133
160567229
140200890
105813913
17290742
152742055
37920774
12640502
18663112
9654112
39227875
77423114
23815533
14905872
108903948
126159631
16352523
37758313
15443101
44330247
140407911
36314329
106207389
45045450
42680682
41046500
168819396
27753484
59077212
19618046
68213981
30299366
21020648
24982484
23441219
28022257
102589566
115178337
80926554
82937503
48753426
18950292
107150361
19214226
87397508
24533117
18896669
18760461
75161951
104029525
20278682
23682110
125697162
24701368
18746024
17165447
110629337
98703790
38793166
168660130
139130040
167345664
168495510
80683573
159195821
113072677
61253155
46649029
95664495
20749468
17484493
92045963
159713615
63758787
149512261
23821484
19454905
111827933
160761277
151747243
57103986
21403204
168546265
56881830
134841267
28561255
75367743
120351803
166913446
166645745
16953480
56081354
139909182
20245040
76488230
44713920
14282672
15791549
151508044
138484793
148416139
74151509
62207541
168520271
66499194
19079492
109557040
108401080
6506592
167906196
18682756
10750902
123799298
41613641
15826025
167139106
101806609
162796173
10424382
29194879
108345595
17154752
88025494
39069311
29287875
24112966
87287023
31090071
15843240
158141965
39869476
54601825
21697654
144639245
40448601
69495348
148834202
25093829
155511705
16931656
14007222
19626613
92203341
39852767
16305667
114837527
61288945
133272696
48561550
90673544
96745147
95935308
44649299
105163796
19810378
21532530
22538082
151698895
36386748
44971386
143733091
18726789
128195509
5671662
117183946
17450044
95354168
62728331
164491070
92674584
135990494
141316692
8848392
161023252
152688877
107235156
115732888
25694281
18700504
115851459
166247036
126400464
16483343
17242874
109554779
18420018
115095757
18590831
101318300
115510368
17960693
80340314
57426540
14437914
56693852
97334311
18816432
75284016
34696215
167784972
165364737
61995834
109095982
77211527
67644091
106717143
118518933
70464552
153608029
127304883
13237212
149728124
37368938
16261638
125508540
18191068
20344176
23921891
140950078
32128610
25043132
115096040
145938636
3652891
7490342
68388413
79837782
107516440
54312230
18589728
5054721
157519705
163950022
93546232
22551018
160502831
18589986
123338889
54552923
108773432
33953730
74488589
73917846
142402034
137485335
15476956
18944608
107827273
54309877
46547352
18590401
21845493
146194303
89273858
18591516
18591813
18588232
49395729
26943572
18591215
54323892
18591025
17298623
18568423
54555176
71625904
95920877
69811836
48880548
22845009
15827149
97583516
14621112
61524752
18358836
154293103
17395556
5569132
18426540
166573922
110026835
18110347
18879847
14332186
39483931
76659916
111686649
22234257
20273479
11155742
32789830
20490305
79633819
14166103
14287798
53508959
17189366
27078740
16451629
42209020
28288443
15706117
118363174
16351549
19805497
125150700
14620745
127411013
9750012
15808502
15470878
57273107
113173444
2066291
40174715
19572817
19554414
90391834
25215820
121571328
15862472
144942274
71283641
17488225
109314937
33263425
11686982
16577921
24571043
19322167
36735590
41419003
154408781
16408636
130538258
12861792
22849466
46896086
14248741
108020454
15798100
86109658
15075438
15487886
14191698
17260136
26862044
165868255
29511851
24889998
17764146
136737989
15105269
101864865
138074802
156456337
14823360
158080254
16017739
25698448
60784450
142806187
9098702
68430378
20453437
161726098
15678167
38291625
59743584
23170025
143742999
15481275
46240925
41424493
28601983
22025555
22782215
160987413
124182319
48508862
143166948
10748252
22552755
18117159
24210904
15397140
16333971
98709687
9256422
153368392
15654830
62664805
155916516
31794813
146518263
116546294
13494102
26230058
163496174
15458765
18348715
15066760
113081384
21504851
84867836
22960953
27065058
107589840
30689658
109845895
23376230
32306245
21532707
120217188
69618624
115382697
58980822
14079327
14257808
80696565
157795149
84704675
120021376
38007341
95061823
164890701
39112254
16683751
11493602
71199588
24636191
19489220
21225684
77533380
21373849
30184893
50830254
15532765
89459995
16585649
42026546
35579309
11866582
40342712
31135803
90651358
37964437
15488390
25398094
16978364
92356909
52849560
164300076
164523247
165136322
23292328
23620437
38740602
74165183
145491116
89931264
109313816
134861269
69953481
166083644
81796703
28865471
14962181
31277829
109793572
15929002
50353673
148503478
56728838
15872935
16347394
72169722
38718831
110878334
18699201
132769979
78606083
128581978
30352036
33956316
95480237
62091519
19492620
162073493
24164743
22676037
19480911
22952648
110573669
19571462
20868804
156059351
25283836
163853224
112644159
159140375
33897155
90879170
14423684
15987016
54035016
144493791
151207075
40911375
32809719
102354418
16910894
113161929
88762410
19512273
114898655
16867563
123032639
84352635
15805710
21662775
56929066
16429399
15022969
21828156
44654724
145526123
120809388
38507143
57706738
18961133
21346462
96342533
24859536
158118012
156133161
27795163
15696292
9274492
61016592
143558957
28389316
6999142
61382144
14504450
21117584
16378258
24354621
76381524
27379094
15549302
16545241
91972928
18460854
58036436
15634516
17393362
25560606
17584525
90463014
16751582
152408301
17760005
26013697
24820172
48119889
160970509
31298523
33598728
103101931
156002958
18624647
44312884
16333784
29781318
111375418
58877433
23263063
18940325
124623669
14208726
119791943
111053392
22850935
17025399
38243953
67604866
49161788
45216882
81064470
154238958
40784247
9971712
19111110
139868658
49389233
74214235
18422243
15389904
18533317
129044595
24134009
91356019
17226202
15388305
30189721
49074122
97974923
56576171
14224411
163206850
45956475
68690149
19739479
16392420
27568291
99581284
6283882
14238724
46557084
20892385
30711732
36426272
15335720
88785008
164097148
28844639
53163620
108525452
57949536
26221929
17274552
131328954
80217183
56296161
66680732
35196052
29801356
10883722
15725232
143026528
20469520
70188601
38720792
111038810
29089023
127190883
58518694
19045651
162742466
131715442
59229127
16258078
39728934
117969801
70954793
73059599
94596811
109560521
66776379
29620256
92759808
80468933
89501131
35007028
46784354
6232242
102048403
33972456
65951759
54226025
72981660
96320098
79897283
70786565
104620296
29497195
18653811
20773696
17522884
105332817
34767150
7503222
61364510
14650898
165017955
17572219
17405053
71973563
22254045
21209419
42601947
116840493
20846034
89936723
123165397
36081352
81358255
29247517
76140741
113652913
31197736
66621734
18183592
139218110
97031388
14287191
42627100
68848560
17904152
17158775
55582229
19048537
64848051
38529383
108788916
96507547
114536277
84564863
54709948
51274778
164558176
16298939
83324043
85008170
84992204
22209822
34355626
48894898
47462605
91347366
30293658
20623713
136160049
20071011
21960990
91381231
20786352
107686467
91742189
25031161
19246850
43425166
21990854
48807341
18246994
88894054
38595985
16936553
103825699
49296891
30153501
3558671
124613246
40221803
62516304
21608662
47722667
104414195
15520700
39895739
83848826
17527642
83867118
23118150
25849851
58424509
15244220
15953625
16592544
33126711
92832084
17279487
18483736
14053582
97813400
32720311
54043723
105916488
73310643
123069733
100818788
126327405
118618727
26145784
32920205
17371407
164287135
71151188
102434415
24188066
14266331
12321
55634924
54963266
14640587
112835699
138693572
42182513
27682973
52033230
15565871
29997206
85570685
21313855
83693217
18266477
155726544
15492353
21311584
21066651
14496790
17825763
19479421
164748446
15652066
160631678
49747668
40218214
54221688
16625199
12322482
22221301
104656163
17025063
44147853
146062064
58981222
9664592
15006177
12411372
19399714
104980313
23483062
16886925
89202198
15309753
19874417
129923648
91523750
86544813
14812346
29359491
23147529
17263345
38336523
101850813
14469179
161640798
111575548
10814422
18171797
15430505
15410651
27878415
90422023
84134828
29262609
14193827
118786119
11224112
42295601
163096341
135343162
25197389
113320794
37000583
46293713
18154926
19374017
148419733
143458313
79195220
57769306
35504059
42472045
126698555
83189838
34149095
64579302
38668678
97019060
57125633
112773880
16121039
99757394
53828468
111216929
31243162
40339213
76905390
22656730
153045334
45570442
38484917
19171316
91074241
14590178
36868063
80630495
45074258
109686017
161746471
52578577
55260663
104280626
17535841
54574458
40159672
105065911
55426341
61506228
23784465
106280445
112003429
163708124
31404953
164003393
17019535
103560588
156014547
143224247
99021280
72672017
43450957
20066365
46500011
110275164
109929727
104982722
109732203
26169199
43433925
110677871
110065856
104931281
15569607
14075015
89401010
27631150
124070349
108823994
81702335
23250217
14764959
19199673
43859843
17862883
112155564
14791614
16488036
31595137
142628754
20434870
17596622
58056152
20935558
45659261
148482390
138338557
23075284
103253144
14085969
16750858
47324407
29801923
15881253
15854162
54924882
98688683
11689492
60886295
163420477
121508423
36014347
15369494
14119845
112385503
69006939
77071573
95703315
47504237
44022018
18311418
49319282
15567239
58234390
124779476
28611646
83661936
159389845
83950618
39188521
163567941
14947840
27706377
70789572
28248936
116837242
78545002
9334532
21658412
19577620
40330277
50678076
14428861
40891707
50127993
110844189
87181658
34710302
26757693
21806553
79239329
41587124
153688257
46108384
21674530
3198111
144131173
16536215
97561955
144083819
76228882
108237734
151706136
36654596
21812403
112564605
162111168
70034036
82101218
105188479
107743928
126492956
132286114
15484139
19643519
37354095
94264900
113684105
22666527
128327482
156663006
27490109
18785238
147437575
133797179
43130021
39229705
35087592
57657554
40600650
129759710
16285874
87860000
59466069
113597904
127488146
103786232
66735098
58832939
154708073
158526632
121198596
16143339
107012982
24964649
160510464
160890233
18312747
51360608
145033142
16983361
22272123
99562731
16920871
21498761
80392361
8790622
23100552
69844951
44448577
68579872
133683803
58922504
16011341
161590352
15771225
100761028
161587234
99311283
69489177
104992695
98378778
146749776
92037493
16081366
37925181
110488896
80632596
129612416
40889768
61586198
6607372
40173703
15433092
159612186
158265584
16605579
14425899
16256789
15368007
49047972
83596842
15360209
109147851
75654620
82150760
87945833
144861024
138402093
138398482
46464849
114178461
15959652
17783366
157671635
125011502
13455
17911244
110612259
138197062
14389615
126514466
143381041
23295316
20185178
17726261
55375686
48462487
121644086
74022113
156837481
112106226
109109713
156765029
17619526
76456821
117505663
136026721
22540637
77933825
68468198
86451986
80983793
93895846
18490271
109692373
157249212
98701419
26587452
16356732
11468472
145700836
85451336
26763471
112670782
62273782
19685394
25960305
22833009
85419867
87773313
133450721
19773766
13314262
20809194
18526946
87509782
50133571
110889130
34665018
81303881
119512314
34691067
85711073
23629364
100756537
138396562
158164967
39869696
31412867
103485000
138394721
87203804
20832867
138391929
123639454
126006858
126787791
89509733
82336940
80637445
22235585
153219067
104773331
52419198
16929774
34684098
81380646
119635968
156922334
98473706
93923643
126627356
14778874
15625031
97809691
56613309
91494226
23140259
66654587
94285951
22295736
16272650
61553995
110425235
31663367
20838971
100047449
34572831
29374100
156601533
25390439
17809746
68402444
54443942
16412093
48566404
56478122
46626105
21708996
110455186
95659300
17521558
46898145
31630356
127663741
18809682
110511954
66749666
102498783
36702371
114957899
145557661
51631096
81435822
17074240
99023651
75438387
75988283
23135992
68544237
32332774
108570432
109699551
51779527
100668362
71491346
111302758
58434094
137857208
24436190
134468599
16729059
112135766
101937664
23661767
48764460
18273092
27712243
36052684
18793216
63350600
72916927
46067077
39828896
69015964
160656209
59200611
31198377
37329899
16075320
103236146
108864900
129262138
147846388
13049582
152021234
84286177
47872173
19761737
34033927
52854061
49404066
142723391
42209401
84239927
40599863
142536824
77537340
59902440
72705034
21269517
87440456
126999993
16441139
34894706
52037095
18279491
15744095
110427972
160791600
63055188
157847241
16383953
134541411
125276532
102795401
59614083
69436887
128823341
45729854
124021561
119830254
15977738
21166658
129835377
28953864
136213752
128745965
95445446
87755271
108160274
74564019
66188538
103172275
98989832
150831307
77581140
72606816
11154832
35662500
99634689
60171643
43943997
27177025
123591168
29047203
123793409
114963719
66312813
121702071
30805471
63428521
119276348
93724021
85253671
14385534
81150079
13679632
118667110
20516056
34793510
147992694
40734412
32375793
80203046
90310650
34275170
119491396
41563087
38876298
79067386
14317480
40575129
72269792
33447275
15750885
30634827
62746555
39899632
22423078
23714681
47628531
18778953
63436504
35003868
21343653
57371988
66869910
15325007
30696928
103368380
101774101
785595
108407970
124117840
121474129
91383375
134539470
134277177
122544373
101705567
14870470
57352969
114907239
15736187
21078990
121636092
108937417
9806202
30160697
159757576
33042297
15510839
160659414
24440532
17194011
62706923
62363472
56246250
101426218
107409427
102470241
70579748
38177486
43081521
146287572
106476766
49956783
123638554
75633959
81725200
76482465
159418145
64304596
54993797
69790239
159957217
19762242
62139781
15513609
135495446
72251304
77024946
37540915
54865104
66698870
41176869
24975872
61742376
56500080
25169797
41362304
145270102
91198606
130966776
156608600
77124887
55375978
62898712
37692187
87853803
97165407
18276100
7109192
90795601
10379662
76023938
100941769
24940891
39856917
92044237
58480954
49113532
5079311
130530680
54875153
79899892
66902559
72868171
95630946
80906665
13492872
132720538
13339612
133518855
58899601
118037164
26184381
155909764
93504248
25262272
14136886
139663176
7971552
29677351
118176817
42327561
88209088
68030689
57411871
123409706
22120709
69552068
15274836
126120056
109237960
29586076
45984092
22322128
103954606
22441611
45780869
72885728
52682279
140222579
66302427
27422305
33305233
16794731
19570330
33436426
31139280
75273589
17771429
76105284
18050436
55434962
32542125
108097631
70695164
29600506
16519598
19266679
90727673
20482617
84377169
24972631
93043616
60956708
133818158
15487945
95537792
62072746
85243646
76221762
55907456
73853428
113623143
142726965
123565032
55272317
20929440
115846821
88646948
89431901
67749267
22779417
6116982
43355521
121292630
29268963
100231672
19004561
17953614
74352363
83427158
86812271
93306021
26799370
19313715
6652302
83212165
45580345
17983854
44479357
20122368
122173008
31043468
101338611
86450518
94579136
114886592
22118295
115889585
106147421
109603481
94065608
22150874
69202972
71477772
109079685
57613777
43045735
50188562
10785292
112464660
45195558
98649597
62058096
49950329
34389894
26003455
69543940
127851673
5683952
62403641
30008585
47697376
139349765
47847576
89865546
14589226
69657929
19483682
80692195
154785166
73379764
59455723
59376604
116011988
43217085
113824166
117167828
48367612
37635895
57768992
33589827
48826954
24144216
59740361
47294975
81436192
28301633
137256825
57536455
58044082
40198656
119746371
64378188
78126150
19263461
11365442
22853963
15235948
18686823
27190084
96316448
38055783
134169586
121611694
22443814
122324493
27563592
140272325
19568473
117550256
17065667
80093264
100237283
70587141
51381346
72432913
26138537
6220812
34146256
30728343
13810362
158929431
80608027
70122463
40175561
98733839
72744165
36028609
61431641
130805139
16912085
99689341
99649394
16569530
28001759
98981203
17220365
132957862
75642756
99081920
23774578
66446414
15841551
6435542
111407431
41099206
81738597
85067587
61677313
9147742
7143952
56169104
18143526
22491695
79430113
96405909
27627968
81051677
120017668
17573534
152732229
8596022
152536098
14834083
102070106
46061707
69130870
36909143
73107693
18602163
39251870
67650282
64750594
12822322
63942018
143489793
34870775
139675017
16265869
62384398
89937796
68578790
38057302
18628681
20547981
54310299
9306542
129517738
53752811
69168707
126204076
17530562
45993589
95716364
15914174
14278006
15526533
59898245
15518629
97392640
158564130
157018007
33765236
50715066
17293568
131891315
25712855
96194823
49388711
79293571
93730080
15909684
14125258
78542545
96860325
15763379
12184042
16378062
23241906
18773467
14086660
23368239
14212711
110284108
138441815
138093687
10891272
86364947
25363736
25681991
21421881
21522289
12672352
62604133
85069850
18306792
18483811
14166473
44086304
10867
68433926
79281089
16527415
29996657
12217002
15832929
45015836
21793546
106055629
17628104
15908459
16671570
73183184
17908577
36536349
28635514
22226408
9486482
45707701
82721258
128651444
19029491
113657492
34552159
127793639
28048562
34314757
83692578
15668356
41238441
82511275
41509482
44931365
16648414
24613220
16742870
69126688
27581219
15987188
115493120
17952991
16540406
60283998
40231982
27087320
24266955
58407333
51306143
112813852
17273511
18266660
26594181
18693598
18738575
36011980
65137221
37529450
20986255
158386529
14344823
35166189
106539218
109431115
15958265
33198879
37467448
72805474
151573358
20851326
19478383
46308074
125199325
17314899
129156949
120180397
14638486
14662354
41697270
40092662
16481781
36719360
112820592
73954428
17483763
18922355
90091571
70577914
91844470
56277363
16896699
21282682
20870485
42952347
140904286
21300760
153615002
43921944
17207397
111326418
36073493
101482548
14789783
49642873
27790493
17244085
11712392
103639447
64499030
52818430
147460023
16610342
15053918
71817467
118022149
14079425
35828166
69225205
112639573
24626830
47283776
38341857
41383510
15792703
105421799
14741281
18545481
79345661
16594953
157561625
43916631
128667638
125750313
68783084
57586856
34111579
15808293
121902512
15470209
17339362
121930538
93730653
124143777
34172295
75040625
30177691
16353707
30587857
18486620
139240753
30953801
26355211
85064807
76419904
37178902
55109529
62402704
59315352
117287054
78761400
47872183
98687453
20031738
108299782
18414078
39994371
8357912
14310835
23286854
89876743
14862409
109639362
98956545
60488358
70706117
21040094
21837533
95403008
92148143
129029438
41286118
95240450
143546090
112968708
50290561
81013738
77252330
23834675
97808738
62406710
88007576
123137474
43215926
1255151
16867024
64039856
101368199
92153065
49979477
50309196
22553198
135233677
14937188
107194153
15952509
38257056
16090230
15580975
124126365
16098881
21592188
14947498
24152781
113017840
127054161
30202451
103948490
53888779
81464169
39998030
23037655
22278135
111249528
23219445
136012776
149312295
122775115
44152548
24716002
33007414
40873982
31332978
79174471
35725319
115536737
109730280
120660127
21777919
137458239
88296366
34391913
15014405
52526819
57308680
54223769
66361737
15525310
70411427
14088485
77404599
19181549
14800352
14468043
33646572
136318284
57779822
51635884
123637593
93929800
101437499
19250651
17833436
19569936
29805252
101624608
89619220
157936364
70462431
45537747
15886750
19101611
33544119
105648844
43431533
104046873
69776540
47268291
21750314
44039531
60885114
16674576
65478935
69723684
87173158
113875280
73275570
76358764
14803082
18640980
21507883
37629636
20052354
15149340
16423523
44131602
19593530
74673651
17297074
90303613
29413354
23014699
18506975
85384941
81489175
143645699
82875093
62597703
24167293
31716155
20007155
17413141
19127807
56578759
117653075
43475901
52954700
48443722
72924658
10428322
14091545
53004267
40174385
51726754
58536707
78994606
41706870
71686350
22276232
16038990
18905565
5604592
71154359
15032300
54047562
34091029
17857290
37423362
79276714
14775626
15802388
33349660
49907047
17934837
22740551
17311410
81600245
9265652
26096265
14201521
15048198
27227279
770759
15102893
9632452
14131952
15480046
132949578
16507307
8408982
30109799
108174397
16562185
140182200
27472761
148340479
15896304
124914653
14080704
14431400
18524281
38195114
38643607
102848540
21407038
115753491
17154666
16704472
16936018
18573156
76203267
19684844
132036742
19405407
137522587
18089255
144238396
129978951
122760566
20649770
16788005
27941776
35873780
15816164
89085207
140912287
19989863
10086402
133503704
19631648
24459649
674433
24730505
18637420
15355341
16410165
79846718
15618016
35845058
18899153
18103154
52467575
15809703
74994155
15841289
26294247
23300815
114888976
50191354
67174954
17766365
19934514
22159841
69204380
19989461
151606373
45053182
101014882
85406381
93924482
17802972
70012034
90023889
96684785
150768503
43659743
18948989
22552804
56986707
49645679
42449096
51228641
127909723
26108157
93555485
38198831
133806541
31388299
42263624
56687335
30928422
26780165
48457948
26960252
16470123
34862087
136011760
128868201
19792787
64290213
22932780
20832496
36965318
33470407
60456535
14078808
16383523
95650613
7999392
15517693
39505471
133081654
23820501
27690401
14114775
62999525
74540644
41438116
15603672
137698889
109053460
126525622
44246490
71517562
23834147
139743556
126129386
36516937
43982215
28397952
98661298
101977304
124736717
14550997
33209700
46026722
85643138
14578845
18299096
22635958
119041284
57684692
18048859
45862896
25787030
26345264
34164474
18254005
16553731
153747261
19686352
123934870
156931655
40014357
23015831
90812108
91895209
81024612
21142460
29419639
39515660
31466940
53027971
80263355
16989320
49115842
128471217
50341162
17047248
113512307
25618547
36702921
17582161
106893275
17240069
65176310
16600574
126660517
22231310
821966
53416950
97300966
27630441
24051912
14369901
103753601
59192829
67211600
14272973
103560156
148851810
17913761
32062804
125336023
54987410
126079845
34074552
83906116
67559430
63668290
54320237
46873730
125297096
15099539
15545849
33259676
48826268
132692100
141327985
25615098
120220122
59602454
101068294
15230696
17680983
16927325
8637482
98286933
50070988
52260714
66024328
36380054
16294267
23250427
21488055
143312355
132685354
113164463
14898891
21209870
40903574
29473120
19569168
14660807
26834691
7303302
73093786
25075842
104743629
104588949
22309220
87269516
24527656
38427173
30597520
20340390
15150831
104906895
83997768
48225508
28470558
96900014
32145253
56514154
131545300
17483964
126046002
17663754
16486053
26001675
113096450
91932490
30313386
67676527
18872278
145364298
21230617
17755145
65589378
131989049
26311406
64527319
22171242
27367138
122463110
66521548
15172175
29470595
25880163
41794024
76400068
38146999
14220964
5415412
118250773
41601054
27751248
16212988
14962086
19233264
55704040
64469925
58091117
22833062
16798727
16904902
15771146
18190568
140202715
83627562
36427172
120522207
22117313
108489704
98421899
105289173
16146983
104109056
14364834
25125402
14260115
16697034
107438439
148780457
19399265
69656342
8962282
15830009
59103901
42508837
130791168
38925708
83120763
14466270
107832073
155116146
14616050
34356853
17399536
17102660
151977289
122684463
15126410
126586369
15868980
58514443
29248464
59543633
74251902
73394912
21675376
105471168
26660698
22457873
45285656
17352859
83234491
138127484
15503170
99095270
34973979
137706279
110226860
26319547
15721844
49809439
14129738
22525395
34082620
90456222
30260724
37808717
19755020
17927796
90872179
46719826
134967973
56548172
39258707
125698388
19267232
14635934
14138948
19574739
20382123
54598826
39644311
60062312
61235473
16016180
25208992
19833417
37861301
48173742
17527466
18620441
37023740
15293352
28162811
18664838
118236334
17536876
20100408
26863621
52316850
23145095
63764079
18299073
16317079
15756403
20481908
73835281
23754973
24990477
17890663
112607617
18343779
18776265
28904171
75338379
80314861
16672662
17375852
54039049
110886907
39081822
122547572
117537998
92865362
16703058
121591515
127359799
38122727
108704898
17445635
34434801
31175661
23818590
24305174
35244169
19017604
115995931
141102069
86974473
151361081
80319880
137447974
16940993
88974963
80720671
78955607
17335338
32046722
123348965
96196608
75481961
48210718
38880019
15576438
37929641
85435103
17980985
51055944
21697628
30281599
64847521
21022808
126851458
60903764
109676843
23645787
38515054
39412292
15861944
145938265
19430966
29274025
26035365
90770413
101820339
15807502
21252158
20546902
95940851
30061192
33862906
132755057
19514210
18710433
71600961
28082356
19492316
11294152
118763437
78148935
31253570
52600690
33978384
24764474
115418935
43314461
11102352
143848703
17368189
86986010
25731604
35885939
109963263
69207215
24607729
50496251
128585431
54060644
96501265
21160065
31049558
72809879
149164550
51685961
58046485
54594001
22874687
15817939
38344637
146471088
31891798
66546770
39047949
58631981
66887048
97787707
17116782
18986138
34089169
15850830
90971168
151223711
16149113
19815302
30022050
33020658
30151738
22147850
27276043
81831655
89831053
142859846
14038972
19051872
145535202
23105403
92317593
99932683
14884900
18732527
126707168
18176907
144153933
16447162
35767916
37368039
26763525
37872576
109441206
22483030
8793352
20732140
84640336
150763365
15446520
104561488
150455190
99482726
28896913
27704712
151241955
20355172
32946421
120182935
124282550
147691883
18949053
18087450
105305259
37051886
143765456
16367763
17400135
149049185
149046603
149042350
149040902
19658614
15168790
148591235
148586283
15356407
17027102
17831966
110616990
16273972
55393006
145490513
124617839
54990588
140758451
144699091
144702258
144517388
131922843
103845050
17549222
48732079
62067843
136452392
23154642
15470403
141228777
107802014
73713474
140002636
17549553
133182334
19056130
116421517
19840008
138316928
55675946
88067577
21379201
127154573
104564188
136318705
100383247
111414832
135505481
6123762
135368727
92482088
115733255
55877057
12786302
121035720
127448218
18547425
127394678
36802918
134494628
110642623
102669413
133495114
73249521
125637346
19905542
72929055
129170547
32298723
64315339
111127138
55329156
106069510
18194818
114282108
75510382
53157752
129907368
112850044
124736204
26962560
18535161
11747492
128091002
110801213
17019529
7939602
95345115
113979106
80463636
17033050
17451602
22053527
21938457
20409140
62160333
111190942
111306332
111124579
72885380
121188726
121208970
124550417
8724862
122412318
57431537
104190688
64469814
25353140
59122922
109655995
129220627
18374287
107583383
16908556
50434933
102518092
36642483
59682934
24027953
127405135
82889998
126913823
96376766
16894640
37566968
17093617
126556004
108829813
24835623
125129784
125373276
14342018
71553450
14344481
119249029
117790388
121833584
124207841
20199365
76082716
15831517
36832842
26010360
121875104
104848302
9640612
32810447
30186757
123163588
17782683
121028566
79282791
117370101
47162492
59280847
26570192
108958597
51446354
19404618
42762165
16367208
114557730
116440783
121255888
92804109
16117621
37332800
14126560
38466914
22634420
73200195
21049121
102158845
4066451
16445263
61916766
63756959
44896408
92250958
20847189
101300609
13012632
108351678
2704951
113083853
22106099
106455495
88119290
99470198
96621391
44740201
54279581
121186034
32187626
113425716
52636244
15348591
35666183
109659517
38316582
40716707
21303154
19602526
44486690
16532552
15523374
43878107
91751240
98927563
17094007
119575429
105290248
108235881
76980805
69792314
16332032
18376500
64743138
93230155
41939617
23185308
53294408
10716292
121567049
556403
69767225
16684965
19260702
49324978
25323202
21170966
81910174
18170310
41409173
106407357
71564153
118175830
20203676
89416468
20259438
15098893
49745183
55369571
60887543
61638411
19966048
17542030
81921374
15175419
40281805
13396002
16438248
14434079
16662160
31406325
17194573
13234762
19362341
86402704
68706449
9895832
15073931
21337173
21799052
113462919
31859256
59161755
93890578
38433200
26894454
18220380
18789305
19516788
18693690
21769117
21281890
42944751
89786212
16885346
113889058
107009956
20788329
62122725
63202034
16988593
96506251
81976014
54314945
45325362
25929374
62692403
29701053
16123223
120506306
29752825
43940235
62897663
49665649
57935333
14482571
63261171
105834117
119699203
29528439
19376189
112886109
19129381
23643957
17995712
26350255
85771957
63207159
63659638
21994076
17041361
72920169
18791763
33295425
10822452
19611293
23111320
104268552
21157704
80678126
22691127
18949909
49173194
111395694
50672405
50672223
61274503
15784022
21228251
19892681
16050032
17331200
84980053
114038177
56981561
18245738
60112714
14850079
47748170
2884771
21057434
29207720
78358478
38517996
58497427
43411838
21142500
14401544
51743396
60993073
100904901
18023039
42671680
26549996
106224511
64813618
49768322
19337315
19120850
23595586
76503353
37851690
82007791
17608059
120046302
105408473
18833157
83915201
102181117
21118985
116526342
114528625
20689304
88916492
98465192
27619548
8771022
35642684
17570012
37006587
45032017
82430398
9043022
6314042
19989791
10168082
66829267
14153659
18023868
56777989
36289411
19966029
16869035
118648191
71452979
14458280
24409464
80217505
15670515
118561974
18725071
40413868
15938022
9738452
15788505
21635995
36600087
95472968
43396615
16231426
16153996
116347936
90084342
50660534
91025877
18329671
18029498
65174518
41720705
53465823
25373949
